10 0.0002939
15 0.0002614
20 0.0002804
25 0.0003543
30 0.0004348
35 0.0004654
40 0.0004512
45 0.00069
50 0.0007882
55 0.000625
60 0.000714
65 0.0008417
70 0.0010089
75 0.000836
80 0.0011269
85 0.0011478
90 0.0010949
95 0.0010152
100 0.0014818
105 0.0012835
110 0.0013502
115 0.0013472
120 0.0014932
125 0.0014238
130 0.0016851
135 0.0015786
140 0.0017135
145 0.0017705
150 0.0017921
155 0.0017345
160 0.0019076
165 0.0020226
170 0.0021884
175 0.0022541
180 0.0020536
185 0.0021135
190 0.0026265
195 0.0026307
200 0.0025059
205 0.002708
210 0.0023756
215 0.0026676
220 0.0028032
225 0.0036979
230 0.0036182
235 0.0027085
240 0.0028019
245 0.0028102
250 0.0029043
255 0.0029745
260 0.0030787
265 0.0031416
270 0.0031308
275 0.0031621
280 0.0031681
285 0.0033399
290 0.0032793
295 0.0033341
300 0.0034488
305 0.0035313
310 0.0035581
315 0.0035297
320 0.0038279
325 0.0037276
330 0.0039346
335 0.0041192
340 0.0037718
345 0.0038431
350 0.0044159
355 0.0039602
360 0.0039907
365 0.0043071
370 0.0042232
375 0.0042054
380 0.0043748
385 0.0044261
390 0.0051086
395 0.0054045
400 0.0046004
405 0.0048007
410 0.0048634
415 0.0049623
420 0.0063656
425 0.0049166
430 0.00519
435 0.0049849
440 0.0067321
445 0.0057322
450 0.0071262
455 0.0066955
460 0.0073241
465 0.0073235
470 0.0076894
475 0.0056668
480 0.0055082
485 0.0057166
490 0.0069967
495 0.0056911
500 0.0061705
505 0.0058718
510 0.0061624
515 0.0060015
520 0.0066339
525 0.006019
530 0.0068585
535 0.0061196
540 0.0073385
545 0.0062866
550 0.0067062
555 0.0066922
560 0.0067569
565 0.0069698
570 0.0068278
575 0.0070256
580 0.0067267
585 0.0069835
590 0.0079439
595 0.0069887
600 0.0073603
605 0.0075628
610 0.0073919
615 0.0075599
620 0.0074209
625 0.0070193
630 0.0075481
635 0.0076888
640 0.0082464
645 0.0076805
650 0.0084774
655 0.0076876
660 0.0075133
665 0.0075477
670 0.0077031
675 0.0076611
680 0.0078337
685 0.0084286
690 0.0078072
695 0.0080004
700 0.0084351
705 0.008932
710 0.0087887
715 0.0083244
720 0.0084243
725 0.0090985
730 0.0090921
735 0.0091343
740 0.0090207
745 0.0103116
750 0.0109842
755 0.0093005
760 0.0092798
765 0.0094362
770 0.0090636
775 0.0090651
780 0.0088141
785 0.0089902
790 0.0101497
795 0.011076
800 0.00981
805 0.009992
810 0.0122951
815 0.0094793
820 0.0100676
825 0.0107697
830 0.0101101
835 0.0132518
840 0.0107544
845 0.0109669
850 0.0104888
855 0.0093714
860 0.0093546
865 0.0093922
870 0.0098419
875 0.0103149
880 0.0095566
885 0.0097255
890 0.0097013
895 0.0098931
900 0.0097927
905 0.0100984
910 0.0099215
915 0.0099334
920 0.0102358
925 0.0104311
930 0.0110181
935 0.0111928
940 0.0103729
945 0.0105378
950 0.0102533
955 0.0109378
960 0.0104905
965 0.0106675
970 0.011582
975 0.0129471
980 0.0164956
985 0.0148378
990 0.014572
995 0.0109517
1000 0.0120097
1005 0.0114199
