6.94594e-006 0.00263552 1 0.00418048 0 0 0 0 0 0 201 ++
1.95946e-006 0.00139981 2 -0.0105052 0.00246536 0 0 0 0 0 113 ++
3.81832e-007 0.000617926 2 -0.000314531 0 8.81065e-006 0 0 0 0 144 --
3.54918e-007 0.00059575 3 0.00162826 -0.000429146 1.00175e-005 0 0 0 0 278 --
3.34355e-007 0.000578235 3 0.000504212 0 -7.90546e-006 2.35412e-006 0 0 0 336 --
3.2699e-007 0.00057183 4 -0.00151398 0.000634788 -2.71654e-005 4.81543e-006 0 0 0 509 --
0.000407475 0.020186 3 -0.0616317 0 0.000249306 0 -1.9717e-007 0 0 147 **
9.50461e-005 0.00974916 4 -0.0654921 0 0.00232252 -0.000385539 4.24467e-007 0 0 284 --
3.03325e-007 0.000550749 5 0.00261617 -0.00118376 0.000106714 -1.58221e-005 1.74286e-008 0 0 1044 --
0.000231742 0.0152231 4 -0.0638628 0 0.000480468 0 -9.35944e-007 5.41852e-010 0 278 --
1.95991e-005 0.00442708 5 -0.0992248 0.0287257 -0.000321264 0 4.37025e-007 -2.08888e-010 0 572 **
5.04597e-005 0.0071035 5 -0.0681942 0 0.00391713 -0.000734089 1.89919e-006 -6.74097e-010 0 446 **
7.31193e-006 0.00270406 6 -0.127994 0.0577648 -0.0051054 0.000845654 -1.41197e-006 4.1615e-010 0 990 --
0.000148052 0.0121677 5 -0.065495 0 0.000775243 0 -2.63648e-006 3.45619e-009 -1.52961e-012 451 **
2.80678e-005 0.0052979 6 -0.0706218 0 0.00582493 -0.00120479 5.4593e-006 -4.45953e-009 1.58231e-012 820 --
5.13336e-006 0.00226569 7 -0.144067 0.0758532 -0.00903727 0.00160887 -4.40936e-006 2.81646e-009 -8.5524e-013 1436 **
